24523 
0 1 
24523 
0 1 
24523 
19854 1 4 
24523 
19854 1 4 
24523 
24523 
24523 
24523 
24523 
33713 
24523 
33713 
24523 
52899 1 
24523 
57685 0 2 4 7 
24523 
57685 0 2 4 7 
24523 
61108 0 1 
24523 
65621 1 
24523 
7503 1 6 
24523 
79252 2 
24523 
79252 2 
52899 1 
0 1 
52899 1 
19854 1 4 
52899 1 
0 1 
52899 1 
24523 
52899 1 
33713 
52899 1 
52899 1 
52899 1 
52899 1 
52899 1 
57685 0 2 4 7 
52899 1 
57685 0 2 4 7 
52899 1 
61108 0 1 
52899 1 
65621 1 
52899 1 
7503 1 6 
52899 1 
79252 2 
52899 1 
79252 2 
61108 0 1 
0 1 
61108 0 1 
19854 1 4 
61108 0 1 
19854 1 4 
61108 0 1 
24523 
61108 0 1 
33713 
61108 0 1 
52899 1 
61108 0 1 
57685 0 2 4 7 
61108 0 1 
57685 0 2 4 7 
61108 0 1 
61108 0 1 
61108 0 1 
65621 1 
61108 0 1 
7503 1 6 
61108 0 1 
79252 2 
61108 0 1 
79252 2 
65621 1 
0 1 
65621 1 
19854 1 4 
65621 1 
19854 1 4 
65621 1 
24523 
65621 1 
33713 
65621 1 
33713 
65621 1 
52899 1 
65621 1 
57685 0 2 4 7 
65621 1 
57685 0 2 4 7 
65621 1 
61108 0 1 
65621 1 
65621 1 
65621 1 
65621 1 
65621 1 
7503 1 6 
65621 1 
79252 2 
65621 1 
79252 2 
79252 2 
0 1 
79252 2 
19854 1 4 
79252 2 
0 1 
79252 2 
24523 
79252 2 
33713 
79252 2 
33713 
79252 2 
52899 1 
79252 2 
57685 0 2 4 7 
79252 2 
57685 0 2 4 7 
79252 2 
61108 0 1 
79252 2 
65621 1 
79252 2 
65621 1 
79252 2 
7503 1 6 
79252 2 
79252 2 
79252 2 
79252 2 
0 1 
24523 
0 1 
52899 1 
0 1 
52899 1 
0 1 
61108 0 1 
0 1 
65621 1 
0 1 
61108 0 1 
0 1 
79252 2 
19854 1 4 
24523 
19854 1 4 
24523 
19854 1 4 
52899 1 
19854 1 4 
61108 0 1 
19854 1 4 
61108 0 1 
19854 1 4 
65621 1 
19854 1 4 
79252 2 
19854 1 4 
79252 2 
24523 
24523 
24523 
52899 1 
24523 
52899 1 
24523 
61108 0 1 
24523 
65621 1 
24523 
61108 0 1 
24523 
79252 2 
33713 
24523 
33713 
24523 
33713 
52899 1 
33713 
61108 0 1 
33713 
61108 0 1 
33713 
65621 1 
33713 
79252 2 
33713 
79252 2 
52899 1 
24523 
52899 1 
52899 1 
52899 1 
52899 1 
52899 1 
61108 0 1 
52899 1 
65621 1 
52899 1 
65621 1 
52899 1 
79252 2 
52899 1 
79252 2 
57685 0 2 4 7 
24523 
57685 0 2 4 7 
52899 1 
57685 0 2 4 7 
61108 0 1 
57685 0 2 4 7 
52899 1 
57685 0 2 4 7 
65621 1 
57685 0 2 4 7 
79252 2 
57685 0 2 4 7 
79252 2 
61108 0 1 
24523 
61108 0 1 
52899 1 
61108 0 1 
52899 1 
61108 0 1 
61108 0 1 
61108 0 1 
65621 1 
61108 0 1 
61108 0 1 
61108 0 1 
79252 2 
65621 1 
24523 
65621 1 
24523 
65621 1 
52899 1 
65621 1 
61108 0 1 
65621 1 
61108 0 1 
65621 1 
65621 1 
65621 1 
79252 2 
65621 1 
79252 2 
7503 1 6 
24523 
7503 1 6 
52899 1 
7503 1 6 
52899 1 
7503 1 6 
61108 0 1 
7503 1 6 
65621 1 
7503 1 6 
65621 1 
7503 1 6 
79252 2 
79252 2 
24523 
79252 2 
24523 
79252 2 
52899 1 
79252 2 
61108 0 1 
79252 2 
61108 0 1 
79252 2 
65621 1 
79252 2 
79252 2 
79252 2 
65621 1 
179 0 
147 0 
179 0 
179 0 
179 0 
20252 0 1 
179 0 
265 
179 0 
265 
179 0 
36023 
179 0 
5814 1 4 
179 0 
36023 
179 0 
65303 
179 0 
80002 0 1 2 3 
179 0 
80003 0 
179 0 
80004 2 3 
179 0 
80004 2 3 
20252 0 1 
147 0 
20252 0 1 
179 0 
20252 0 1 
147 0 
20252 0 1 
20252 0 1 
20252 0 1 
265 
20252 0 1 
36023 
20252 0 1 
5814 1 4 
20252 0 1 
5814 1 4 
20252 0 1 
65303 
20252 0 1 
65303 
20252 0 1 
80002 0 1 2 3 
20252 0 1 
80002 0 1 2 3 
20252 0 1 
80003 0 
20252 0 1 
80004 2 3 
20252 0 1 
80003 0 
65303 
147 0 
65303 
179 0 
65303 
147 0 
65303 
20252 0 1 
65303 
265 
65303 
36023 
65303 
5814 1 4 
65303 
5814 1 4 
65303 
65303 
65303 
65303 
65303 
80002 0 1 2 3 
65303 
80003 0 
65303 
80004 2 3 
65303 
80004 2 3 
80002 0 1 2 3 
147 0 
80002 0 1 2 3 
179 0 
80002 0 1 2 3 
147 0 
80002 0 1 2 3 
20252 0 1 
80002 0 1 2 3 
265 
80002 0 1 2 3 
265 
80002 0 1 2 3 
36023 
80002 0 1 2 3 
5814 1 4 
80002 0 1 2 3 
65303 
80002 0 1 2 3 
65303 
80002 0 1 2 3 
80002 0 1 2 3 
80002 0 1 2 3 
80002 0 1 2 3 
80002 0 1 2 3 
80003 0 
80002 0 1 2 3 
80004 2 3 
80004 2 3 
147 0 
80004 2 3 
179 0 
80004 2 3 
147 0 
80004 2 3 
20252 0 1 
80004 2 3 
265 
80004 2 3 
36023 
80004 2 3 
5814 1 4 
80004 2 3 
5814 1 4 
80004 2 3 
65303 
80004 2 3 
80002 0 1 2 3 
80004 2 3 
80002 0 1 2 3 
80004 2 3 
80003 0 
80004 2 3 
80004 2 3 
147 0 
179 0 
147 0 
20252 0 1 
147 0 
20252 0 1 
147 0 
65303 
147 0 
80002 0 1 2 3 
147 0 
65303 
147 0 
80004 2 3 
179 0 
179 0 
179 0 
20252 0 1 
179 0 
65303 
179 0 
65303 
179 0 
80002 0 1 2 3 
179 0 
80004 2 3 
20252 0 1 
179 0 
20252 0 1 
20252 0 1 
20252 0 1 
20252 0 1 
20252 0 1 
65303 
20252 0 1 
80002 0 1 2 3 
20252 0 1 
65303 
20252 0 1 
80004 2 3 
265 
179 0 
265 
20252 0 1 
265 
65303 
265 
65303 
265 
80002 0 1 2 3 
265 
80004 2 3 
36023 
179 0 
36023 
20252 0 1 
36023 
179 0 
36023 
65303 
36023 
80002 0 1 2 3 
36023 
80004 2 3 
5814 1 4 
179 0 
5814 1 4 
179 0 
5814 1 4 
20252 0 1 
5814 1 4 
65303 
5814 1 4 
65303 
5814 1 4 
80002 0 1 2 3 
5814 1 4 
80004 2 3 
65303 
179 0 
65303 
20252 0 1 
65303 
179 0 
65303 
65303 
65303 
80002 0 1 2 3 
65303 
80004 2 3 
80002 0 1 2 3 
179 0 
80002 0 1 2 3 
179 0 
80002 0 1 2 3 
20252 0 1 
80002 0 1 2 3 
65303 
80002 0 1 2 3 
65303 
80002 0 1 2 3 
80002 0 1 2 3 
80002 0 1 2 3 
80004 2 3 
80003 0 
179 0 
80003 0 
20252 0 1 
80003 0 
20252 0 1 
80003 0 
65303 
80003 0 
80002 0 1 2 3 
80003 0 
80002 0 1 2 3 
80003 0 
80004 2 3 
80004 2 3 
179 0 
80004 2 3 
20252 0 1 
80004 2 3 
65303 
80004 2 3 
65303 
80004 2 3 
80002 0 1 2 3 
80004 2 3 
80004 2 3 
80004 2 3 
80004 2 3 
1227 
1227 
1227 
20252 0 1 
1227 
20719 
1227 
2470 
1227 
2470 
1227 
6324 
1227 
68124 
1227 
6324 
1227 
80005 0 1 
1227 
80006 0 1 
1227 
80006 0 1 
1227 
80007 0 
1227 
80008 0 
1227 
80008 0 
20252 0 1 
1227 
20252 0 1 
20252 0 1 
20252 0 1 
20252 0 1 
20252 0 1 
20719 
20252 0 1 
2470 
20252 0 1 
20719 
20252 0 1 
6324 
20252 0 1 
68124 
20252 0 1 
68124 
20252 0 1 
80005 0 1 
20252 0 1 
80006 0 1 
20252 0 1 
80006 0 1 
20252 0 1 
80007 0 
20252 0 1 
80007 0 
20252 0 1 
80008 0 
20252 0 1 
80008 0 
80005 0 1 
1227 
80005 0 1 
1227 
80005 0 1 
20252 0 1 
80005 0 1 
20252 0 1 
80005 0 1 
20719 
80005 0 1 
20719 
80005 0 1 
2470 
80005 0 1 
2470 
80005 0 1 
6324 
80005 0 1 
68124 
80005 0 1 
68124 
80005 0 1 
80005 0 1 
80005 0 1 
80006 0 1 
80005 0 1 
80006 0 1 
80005 0 1 
80007 0 
80005 0 1 
80008 0 1 
80005 0 1 
80008 0 1 
80006 0 1 
1227 
80006 0 1 
20252 0 1 
80006 0 1 
1227 
80006 0 1 
20719 
80006 0 1 
2470 
80006 0 1 
6324 
80006 0 1 
68124 
80006 0 1 
80005 0 1 
80006 0 1 
80005 0 1 
80006 0 1 
80006 0 1 
80006 0 1 
80006 0 1 
80006 0 1 
80007 0 
80006 0 1 
80008 0 
80006 0 1 
80007 0 
80008 0 
1227 
80008 0 1 
20252 0 1 
80008 0 1 
20252 0 1 
80008 0 
20719 
80008 0 
2470 
80008 0 
2470 
80008 0 
6324 
80008 0 
68124 
80008 0 
68124 
80008 0 
80005 0 1 
80008 0 
80006 0 1 
80008 0 
80006 0 1 
80008 0 
80007 0 
80008 0 
80008 0 
80008 0 
80007 0 
1227 
1227 
1227 
20252 0 1 
1227 
20252 0 1 
1227 
80005 0 1 
1227 
80006 0 1 
1227 
80006 0 1 
1227 
80008 0 
1227 
80008 0 
20252 0 1 
1227 
20252 0 1 
1227 
20252 0 1 
20252 0 1 
20252 0 1 
20252 0 1 
20252 0 1 
80005 0 1 
20252 0 1 
80005 0 1 
20252 0 1 
80006 0 1 
20252 0 1 
80006 0 1 
20252 0 1 
80008 0 
20252 0 1 
80008 0 
20719 
1227 
20719 
20252 0 1 
20719 
1227 
20719 
80005 0 1 
20719 
80006 0 1 
20719 
80008 0 
2470 
1227 
2470 
20252 0 1 
2470 
20252 0 1 
2470 
80005 0 1 
2470 
80005 0 1 
2470 
80006 0 1 
2470 
80008 0 
2470 
80008 0 
6324 
1227 
6324 
20252 0 1 
6324 
80005 0 1 
6324 
80006 0 1 
6324 
80006 0 1 
6324 
80008 0 
68124 
1227 
6324 
80008 0 
68124 
20252 0 1 
68124 
80005 0 1 
68124 
80006 0 1 
68124 
80008 0 
68124 
80008 0 
80005 0 1 
1227 
80005 0 1 
20252 0 1 
80005 0 1 
1227 
80005 0 1 
80005 0 1 
80005 0 1 
80006 0 1 
80005 0 1 
80008 0 1 
80006 0 1 
1227 
80006 0 1 
1227 
80006 0 1 
20252 0 1 
80006 0 1 
80005 0 1 
80006 0 1 
80005 0 1 
80006 0 1 
80006 0 1 
80006 0 1 
80008 0 
80007 0 
1227 
80007 0 
20252 0 1 
80007 0 
1227 
80007 0 
80005 0 1 
80007 0 
80006 0 1 
80007 0 
80008 0 
80008 0 
1227 
80008 0 
1227 
80008 0 1 
20252 0 1 
80008 0 
80005 0 1 
80008 0 
80005 0 1 
80008 0 
80006 0 1 
80008 0 
80008 0 
20252 0 1 
12419 2 
20252 0 1 
12419 2 
20252 0 1 
17610 0 
20252 0 1 
17610 0 
20252 0 1 
20252 0 1 
20252 0 1 
20252 0 1 
20252 0 1 
50356 2 
20252 0 1 
50356 2 
20252 0 1 
80005 0 1 
20252 0 1 
80006 0 1 
20252 0 1 
80005 0 1 
20252 0 1 
80009 0 
20252 0 1 
80010 1 
20252 0 1 
80010 1 
20252 0 1 
80011 0 
20252 0 1 
80011 0 
20252 0 1 
8188 
20252 0 1 
8188 
80005 0 1 
12419 2 
80005 0 1 
17610 0 
80005 0 1 
17610 0 
80005 0 1 
20252 0 1 
80005 0 1 
50356 2 
80005 0 1 
20252 0 1 
80005 0 1 
80005 0 1 
80005 0 1 
80006 0 1 
80005 0 1 
80006 0 1 
80005 0 1 
80009 0 
80005 0 1 
80009 0 
80005 0 1 
80010 1 
80005 0 1 
80010 1 
80005 0 1 
80011 0 
80005 0 1 
8188 
80005 0 1 
8188 
80006 0 1 
12419 2 
80006 0 1 
12419 2 
80006 0 1 
17610 0 
80006 0 1 
17610 0 
80006 0 1 
20252 0 1 
80006 0 1 
50356 2 
80006 0 1 
20252 0 1 
80006 0 1 
80005 0 1 
80006 0 1 
80006 0 1 
80006 0 1 
80006 0 1 
80006 0 1 
80009 0 
80006 0 1 
80010 1 
80006 0 1 
80009 0 
80006 0 1 
80011 0 
80006 0 1 
8188 
80006 0 1 
8188 
80009 0 
12419 2 
80009 0 
12419 2 
80009 0 
17610 0 
80009 0 
17610 0 
80009 0 
20252 0 1 
80009 0 
50356 2 
80009 0 
20252 0 1 
80009 0 
80005 0 1 
80009 0 
80006 0 1 
80009 0 
80006 0 1 
80009 0 
80009 0 
80009 0 
80010 1 
80009 0 
80009 0 
80009 0 
80011 0 
80009 0 
8188 
80009 0 
8188 
80011 0 
12419 2 
80011 0 
12419 2 
80011 0 
17610 0 
80011 0 
17610 0 
80011 0 
20252 0 1 
80011 0 
50356 2 
80011 0 
50356 2 
80011 0 
80005 0 1 
80011 0 
80006 0 1 
80011 0 
80006 0 1 
80011 0 
80009 0 
80011 0 
80009 0 
80011 0 
80010 1 
80011 0 
80010 1 
80011 0 
80011 0 
80011 0 
80011 0 
80011 0 
8188 
80011 0 
8188 
12419 2 
20252 0 1 
12419 2 
80005 0 1 
12419 2 
80005 0 1 
12419 2 
80006 0 1 
12419 2 
80006 0 1 
12419 2 
80009 0 
12419 2 
80009 0 
12419 2 
80011 0 
17610 0 
20252 0 1 
17610 0 
20252 0 1 
17610 0 
80005 0 1 
17610 0 
80005 0 1 
17610 0 
80006 0 1 
17610 0 
80006 0 1 
17610 0 
80009 0 
17610 0 
80009 0 
17610 0 
80011 0 
17610 0 
80011 0 
20252 0 1 
20252 0 1 
20252 0 1 
80005 0 1 
20252 0 1 
80005 0 1 
20252 0 1 
80006 0 1 
20252 0 1 
80009 0 
20252 0 1 
80006 0 1 
20252 0 1 
80011 0 
50356 2 
20252 0 1 
50356 2 
20252 0 1 
50356 2 
80005 0 1 
50356 2 
80006 0 1 
50356 2 
80005 0 1 
50356 2 
80009 0 
50356 2 
80011 0 
50356 2 
80009 0 
80005 0 1 
20252 0 1 
80005 0 1 
80005 0 1 
80005 0 1 
80005 0 1 
80005 0 1 
80006 0 1 
80005 0 1 
80006 0 1 
80005 0 1 
80009 0 
80005 0 1 
80009 0 
80005 0 1 
80011 0 
80006 0 1 
20252 0 1 
80005 0 1 
80011 0 
80006 0 1 
80005 0 1 
80006 0 1 
80006 0 1 
80006 0 1 
80006 0 1 
80006 0 1 
80009 0 
80006 0 1 
80009 0 
80006 0 1 
80011 0 
80006 0 1 
80011 0 
80009 0 
20252 0 1 
80009 0 
80005 0 1 
80009 0 
80005 0 1 
80009 0 
80006 0 1 
80009 0 
80006 0 1 
80009 0 
80009 0 
80009 0 
80009 0 
80009 0 
80011 0 
80009 0 
80011 0 
80010 1 
20252 0 1 
80010 1 
20252 0 1 
80010 1 
80005 0 1 
80010 1 
80006 0 1 
80010 1 
80006 0 1 
80010 1 
80009 0 
80010 1 
80009 0 
80010 1 
80011 0 
80010 1 
80011 0 
80011 0 
20252 0 1 
80011 0 
80005 0 1 
80011 0 
80005 0 1 
80011 0 
80006 0 1 
80011 0 
80006 0 1 
80011 0 
80009 0 
80011 0 
80009 0 
80011 0 
80011 0 
80011 0 
80011 0 
8188 
20252 0 1 
8188 
20252 0 1 
8188 
80005 0 1 
8188 
80006 0 1 
8188 
80006 0 1 
8188 
80009 0 
8188 
80009 0 
8188 
80011 0 
8188 
80011 0 
106 0 
106 0 
106 0 
170 
106 0 
170 
106 0 
19533 1 
106 0 
19533 1 
106 0 
20252 0 1 
106 0 
20252 0 1 
106 0 
31338 1 
106 0 
71342 3 8 
106 0 
31338 1 
106 0 
80006 0 1 
106 0 
80012 0 
106 0 
80012 0 
106 0 
85 0 
106 0 
85 0 
106 0 
9120 1 
106 0 
9120 1 
170 
106 0 
170 
170 
170 
170 
170 
19533 1 
170 
19533 1 
170 
20252 0 1 
170 
20252 0 1 
170 
31338 1 
170 
71342 3 8 
170 
71342 3 8 
170 
80006 0 1 
170 
80012 0 
170 
80012 0 
170 
85 0 
170 
85 0 
170 
9120 1 
170 
9120 1 
20252 0 1 
106 0 
20252 0 1 
170 
20252 0 1 
106 0 
20252 0 1 
19533 1 
20252 0 1 
20252 0 1 
20252 0 1 
20252 0 1 
20252 0 1 
31338 1 
20252 0 1 
71342 3 8 
20252 0 1 
71342 3 8 
20252 0 1 
80006 0 1 
20252 0 1 
80006 0 1 
20252 0 1 
80012 0 
20252 0 1 
80012 0 
20252 0 1 
85 0 
20252 0 1 
9120 1 
20252 0 1 
9120 1 
71342 3 8 
106 0 
71342 3 8 
106 0 
71342 3 8 
170 
71342 3 8 
170 
71342 3 8 
19533 1 
71342 3 8 
20252 0 1 
71342 3 8 
19533 1 
71342 3 8 
31338 1 
71342 3 8 
71342 3 8 
71342 3 8 
71342 3 8 
71342 3 8 
80006 0 1 
71342 3 8 
80012 0 
71342 3 8 
80012 0 
71342 3 8 
85 0 
71342 3 8 
9120 1 
71342 3 8 
9120 1 
80006 0 1 
106 0 
80006 0 1 
80006 0 1 
106 0 
170 
80006 0 1 
170 
80006 0 1 
19533 1 
80006 0 1 
20252 0 1 
80006 0 1 
20252 0 1 
80006 0 1 
31338 1 
80006 0 1 
71342 3 8 
80006 0 1 
31338 1 
80006 0 1 
80006 0 1 
80006 0 1 
80012 0 
80006 0 1 
80012 0 
80006 0 1 
85 0 
80006 0 1 
85 0 
80006 0 1 
9120 1 
80006 0 1 
9120 1 
106 0 
106 0 
106 0 
170 
106 0 
106 0 
106 0 
20252 0 1 
106 0 
71342 3 8 
106 0 
71342 3 8 
106 0 
80006 0 1 
170 
106 0 
106 0 
80006 0 1 
170 
170 
170 
20252 0 1 
170 
20252 0 1 
170 
71342 3 8 
170 
80006 0 1 
170 
71342 3 8 
19533 1 
106 0 
19533 1 
170 
19533 1 
170 
19533 1 
20252 0 1 
19533 1 
71342 3 8 
19533 1 
71342 3 8 
19533 1 
80006 0 1 
20252 0 1 
106 0 
20252 0 1 
106 0 
20252 0 1 
170 
20252 0 1 
170 
20252 0 1 
20252 0 1 
20252 0 1 
20252 0 1 
20252 0 1 
71342 3 8 
20252 0 1 
80006 0 1 
20252 0 1 
80006 0 1 
31338 1 
106 0 
31338 1 
106 0 
31338 1 
170 
31338 1 
170 
31338 1 
20252 0 1 
31338 1 
20252 0 1 
31338 1 
71342 3 8 
31338 1 
71342 3 8 
31338 1 
80006 0 1 
31338 1 
80006 0 1 
71342 3 8 
106 0 
71342 3 8 
106 0 
71342 3 8 
170 
71342 3 8 
20252 0 1 
71342 3 8 
170 
71342 3 8 
71342 3 8 
71342 3 8 
80006 0 1 
71342 3 8 
71342 3 8 
80006 0 1 
106 0 
80006 0 1 
170 
80006 0 1 
20252 0 1 
80006 0 1 
20252 0 1 
80006 0 1 
71342 3 8 
80006 0 1 
71342 3 8 
80006 0 1 
80006 0 1 
80006 0 1 
80006 0 1 
80012 0 
106 0 
80012 0 
106 0 
80012 0 
170 
80012 0 
20252 0 1 
80012 0 
20252 0 1 
80012 0 
71342 3 8 
80012 0 
71342 3 8 
80012 0 
80006 0 1 
80012 0 
80006 0 1 
85 0 
106 0 
85 0 
170 
85 0 
106 0 
85 0 
20252 0 1 
85 0 
71342 3 8 
85 0 
20252 0 1 
85 0 
80006 0 1 
9120 1 
106 0 
9120 1 
106 0 
9120 1 
170 
9120 1 
170 
9120 1 
20252 0 1 
9120 1 
20252 0 1 
9120 1 
71342 3 8 
9120 1 
80006 0 1 
9120 1 
71342 3 8 
106 0 
1000 0 
106 0 
106 0 
106 0 
106 0 
106 0 
114 0 
106 0 
13408 1 
106 0 
13408 1 
106 0 
21989 
106 0 
3988 0 
106 0 
21989 
106 0 
60266 11 5 
106 0 
80006 0 1 
106 0 
80006 0 1 
106 0 
80014 1 
106 0 
960 0 
106 0 
80014 1 
114 0 
1000 0 
114 0 
106 0 
114 0 
106 0 
114 0 
114 0 
114 0 
114 0 
114 0 
13408 1 
114 0 
21989 
114 0 
3988 0 
114 0 
3988 0 
114 0 
60266 11 5 
114 0 
60266 11 5 
114 0 
80006 0 1 
114 0 
80006 0 1 
114 0 
80014 1 
114 0 
960 0 
114 0 
960 0 
3988 0 
1000 0 
3988 0 
1000 0 
3988 0 
106 0 
3988 0 
106 0 
3988 0 
114 0 
3988 0 
13408 1 
3988 0 
13408 1 
3988 0 
21989 
3988 0 
21989 
3988 0 
3988 0 
3988 0 
3988 0 
3988 0 
60266 11 5 
3988 0 
80006 0 1 
3988 0 
60266 11 5 
3988 0 
80014 1 
3988 0 
960 0 
3988 0 
960 0 
80006 0 1 
1000 0 
80006 0 1 
106 0 
80006 0 1 
114 0 
80006 0 1 
13408 1 
80006 0 1 
13408 1 
80006 0 1 
21989 
80006 0 1 
21989 
80006 0 1 
3988 0 
80006 0 1 
3988 0 
80006 0 1 
60266 11 5 
80006 0 1 
80006 0 1 
80006 0 1 
60266 11 5 
80006 0 1 
80014 1 
80006 0 1 
960 0 
80006 0 1 
960 0 
960 0 
1000 0 
960 0 
106 0 
960 0 
1000 0 
960 0 
114 0 
960 0 
13408 1 
960 0 
114 0 
960 0 
21989 
960 0 
3988 0 
960 0 
3988 0 
960 0 
60266 11 5 
960 0 
60266 11 5 
960 0 
80006 0 1 
960 0 
80006 0 1 
960 0 
80014 1 
960 0 
960 0 
960 0 
80014 1 
1000 0 
106 0 
1000 0 
114 0 
1000 0 
114 0 
1000 0 
3988 0 
1000 0 
3988 0 
1000 0 
80006 0 1 
1000 0 
80006 0 1 
1000 0 
960 0 
1000 0 
960 0 
106 0 
106 0 
106 0 
106 0 
106 0 
114 0 
106 0 
3988 0 
106 0 
3988 0 
106 0 
80006 0 1 
106 0 
80006 0 1 
106 0 
960 0 
106 0 
960 0 
114 0 
106 0 
114 0 
114 0 
114 0 
106 0 
114 0 
3988 0 
114 0 
80006 0 1 
114 0 
80006 0 1 
114 0 
960 0 
13408 1 
106 0 
13408 1 
106 0 
13408 1 
114 0 
13408 1 
3988 0 
13408 1 
3988 0 
13408 1 
80006 0 1 
13408 1 
960 0 
13408 1 
80006 0 1 
21989 
106 0 
21989 
114 0 
21989 
114 0 
21989 
3988 0 
21989 
80006 0 1 
21989 
960 0 
3988 0 
106 0 
3988 0 
106 0 
3988 0 
114 0 
3988 0 
3988 0 
3988 0 
80006 0 1 
3988 0 
960 0 
3988 0 
80006 0 1 
60266 11 5 
106 0 
60266 11 5 
114 0 
60266 11 5 
3988 0 
60266 11 5 
80006 0 1 
60266 11 5 
80006 0 1 
60266 11 5 
960 0 
80006 0 1 
106 0 
60266 11 5 
960 0 
80006 0 1 
114 0 
80006 0 1 
3988 0 
80006 0 1 
80006 0 1 
80006 0 1 
960 0 
80006 0 1 
960 0 
80014 1 
106 0 
80014 1 
114 0 
80014 1 
106 0 
80014 1 
3988 0 
80014 1 
80006 0 1 
80014 1 
960 0 
960 0 
106 0 
960 0 
106 0 
960 0 
114 0 
960 0 
3988 0 
960 0 
114 0 
960 0 
80006 0 1 
960 0 
960 0 
